Ply,Move,White,Black,Score,Eval,Comment
0,[1],Nf3,,0.17,0.17,
1,[1],,Nf6,0.18,-0.01,
2,[2],c4,,0.12,-0.06,
3,[2],,e6,0.25,-0.13,
4,[3],g3,,0.04,-0.21,
5,[3],,b6,0.01,0.03,
6,[4],Bg2,,0.06,0.05,
7,[4],,Bb7,0.08,-0.02,
8,[5],O-O,,0.11,0.03,
9,[5],,Be7,0.14,-0.03,
10,[6],Nc3,,0.16,0.02,
11,[6],,O-O,0.2,-0.04,
12,[7],Re1,,0.08,-0.12,
13,[7],,d5,0.02,0.06,
14,[8],cxd5,,0.05,0.03,
15,[8],,Nxd5,0.22,-0.17,
16,[9],Nxd5,,0.06,-0.16,
17,[9],,Bxd5,0.16,-0.1,
18,[10],e4,,0.23,0.07,
19,[10],,Bb7,0.34,-0.11,
20,[11],d4,,0.13,-0.21,
21,[11],,c5,0.3,-0.17,
22,[12],d5,,0.42,0.12,
23,[12],,exd5,0.53,-0.11,
24,[13],exd5,,0.42,-0.11,
25,[13],,Bf6,0.43,-0.01,
26,[14],Ne5,,0.49,0.06,
27,[14],,Bxe5,0.51,-0.02,
28,[15],Rxe5,,0.47,-0.04,
29,[15],,Nd7,0.36,0.11,
30,[16],Re1,,0.17,-0.19,
31,[16],,Nf6,0.15,0.02,
32,[17],d6,,0.07,-0.08,
33,[17],,Bxg2,0.18,-0.11,
34,[18],Kxg2,,0.29,0.11,
35,[18],,Re8,0.17,0.12,
36,[19],Rxe8+,,0.14,-0.03,
37,[19],,Qxe8,0.18,-0.04,
38,[20],Bg5,,0.0,-0.18,
39,[20],,Rd8,0.0,0.0,
40,[21],Bxf6,,0.0,0.0,
41,[21],,gxf6,0.0,0.0,
42,[22],Qg4+,,0.0,0.0,
43,[22],,Kf8,0.0,0.0,
44,[23],Rd1,,0.0,0.0,
45,[23],,Qe6,0.66,-0.66,
46,[24],Qf3,,0.0,-0.66,
47,[24],,Rxd6,0.0,0.0,
48,[25],Rxd6,,0.0,0.0,
49,[25],,Qxd6,0.0,0.0,
